&CONTROL
 calculation='nscf', prefix='03_Li8TaZn8B23H96_Restored'
 outdir='./tmp/', pseudo_dir='C:/Users/Acer/Desktop/Quantum_Espresso/pseudo/'
/
&SYSTEM
 ibrav=0, nat=136, ntyp=5, ecutwfc=50, ecutrho=400, occupations='tetrahedra'
/
&ELECTRONS
 conv_thr=1.0d-8
/
ATOMIC_SPECIES
 B 1.0 B.UPF
 H 1.0 H.UPF
 Li 1.0 Li.UPF
 Ta 1.0 Ta.UPF
 Zn 1.0 Zn.UPF
ATOMIC_POSITIONS (angstrom)
 Li 7.61044 8.54044 6.47811
 Li 1.60964 5.69101 3.27105
 Li 1.04149 8.93343 3.03385
 Li 4.95082 0.52391 10.84801
 Li 6.11764 3.60239 2.32923
 Li 1.93293 1.87896 9.87237
 Li 8.49778 9.71281 8.68069
 Li 7.75664 0.38601 8.94448
 Ta 7.94472 1.04884 2.34041
 Zn 5.64510 5.80788 5.72878
 Zn 11.88347 5.73112 11.20304
 Zn 3.77347 11.01462 10.62972
 Zn 7.56413 11.04922 1.96712
 Zn 4.79464 6.66711 8.46955
 Zn 1.84024 10.89276 5.47693
 Zn 6.66812 7.88500 3.53040
 Zn 2.55907 3.98026 5.61007
 B 2.83229 7.62986 6.84869
 B 2.23516 2.83659 3.88443
 B 8.03047 10.85602 6.43136
 B 9.02155 8.54469 11.02129
 B 7.89806 4.87807 5.10476
 B 7.04681 11.10668 7.65347
 B 9.99962 5.17978 5.34018
 B 5.54556 3.65803 8.44033
 B 10.33599 8.70669 10.16701
 B 10.65692 7.01900 10.13530
 B 6.69346 5.89998 2.35843
 B 2.44086 6.76547 11.08097
 B 2.33437 8.35112 10.70020
 B 5.58509 10.41762 7.40859
 B 9.75421 10.17183 6.69007
 B 5.66334 2.90087 9.87415
 B 8.80414 10.07958 5.15593
 B 10.19501 8.64598 6.91282
 B 10.08684 10.29065 10.29261
 B 2.52430 9.66798 9.97390
 B 7.67799 5.54783 3.58210
 B 9.44578 5.93635 3.15399
 B 1.17609 5.85603 11.43779
 H 2.29088 11.33722 6.87407
 H 8.77794 1.70729 5.98057
 H 5.04258 3.28092 10.84351
 H 10.25010 1.40885 1.74033
 H 4.49798 4.74375 6.12202
 H 9.90636 8.65651 2.85306
 H 10.20253 10.94213 7.46307
 H 3.26432 7.22554 5.72562
 H 12.01942 4.13610 2.94142
 H 4.36755 4.45081 3.87295
 H 12.09569 4.83006 3.25942
 H 5.52166 8.71072 0.91605
 H 7.27066 2.50395 1.51584
 H 10.34648 11.57845 12.48542
 H 10.23401 2.75287 11.38587
 H 7.08700 8.47692 8.30788
 H 1.92792 7.00302 7.30669
 H 9.32974 1.11262 3.29628
 H 7.07635 6.42350 1.29510
 H 7.53087 7.88257 8.47881
 H 8.30374 8.96245 4.89896
 H 10.04603 6.33109 2.21513
 H 7.96855 8.34453 11.64066
 H 4.44789 10.77281 7.73139
 H 2.79973 12.52122 10.49668
 H 3.29829 8.60551 9.74345
 H 5.47539 9.22494 10.00320
 H 5.64123 8.48936 10.04031
 H 9.75643 3.24152 3.68537
 H 10.39626 11.74732 11.73910
 H 4.28613 1.57598 6.65148
 H 7.99880 3.70108 5.10932
 H 10.39728 6.52250 9.06552
 H 2.79451 8.47777 2.52482
 H 5.14189 2.91807 7.53951
 H 4.97622 4.87310 3.58346
 H 10.23439 8.58320 3.54993
 H 10.38935 4.02526 5.23346
 H 7.90587 6.15222 8.90499
 H 3.48730 6.96035 1.55351
 H 2.56759 8.87536 6.89773
 H 2.94801 9.18602 2.30420
 H 6.40842 1.71869 3.16957
 H 1.99050 3.76118 8.78614
 H 3.54468 6.24697 10.79561
 H 4.07725 1.20160 6.03238
 H 11.79657 7.51402 10.05879
 H 10.45560 9.11368 8.87584
 H 8.71480 4.24200 10.07819
 H 9.78958 2.93324 2.99582
 H 8.94669 4.86723 2.88688
 H 1.84102 3.91623 9.51377
 H 2.00114 3.79256 3.09247
 H 5.59603 5.44625 2.16924
 H 9.36872 7.75245 7.12191
 H 1.97240 9.96590 8.97281
 H 8.62620 6.76688 3.52820
 H 1.30076 7.33263 3.25196
 H 5.58725 10.45618 4.40527
 H 8.26973 1.82608 5.44590
 H 8.59057 1.66041 0.70823
 H 3.33646 2.42905 3.68867
 H 8.81386 5.49886 5.83269
 H 1.27316 2.07399 4.08476
 H 3.56149 11.66432 2.84615
 H 2.83521 5.43889 8.12295
 H 9.90082 2.97805 7.45045
 H 6.78830 1.19505 7.22290
 H 6.73453 4.11278 8.29973
 H 9.14540 10.56264 4.14797
 H 1.71959 10.72372 3.98393
 H 3.72809 7.69756 7.73842
 H 3.95635 6.40687 1.73969
 H 6.38888 1.93165 10.14420
 H 10.22966 6.01486 4.20738
 H 11.32070 8.08589 7.04313
 H 5.96766 6.74706 9.39891
 H 8.17957 3.94814 9.63640
 H 5.90044 7.37624 5.91386
 H 6.17646 1.07880 7.64950
 H 6.77026 9.32967 3.07285
 H 9.68611 3.42191 8.01712
 H 7.20282 5.09315 6.19896
 H 8.61716 6.33057 9.03597
 H 8.58474 9.15872 1.61606
 H 7.26436 11.69058 8.71509
 H 10.01676 3.04491 10.71866
 H 1.83114 6.94642 9.87941
 H 5.49778 11.85999 10.60037
 H 5.37254 9.32890 6.92726
 H 5.09156 10.75942 4.86797
 H 2.95923 5.52021 8.87224
 H 4.23485 11.75221 2.48060
 H 4.88924 9.10666 0.93912
 H 10.62667 5.88487 6.12758
 H 4.89082 4.66888 8.60371
CELL_PARAMETERS (angstrom)
 12.77693 -0.31252 -0.03670
 -0.30817 12.87771 0.46589
 -0.03644 0.48444 12.96874
K_POINTS automatic
 8 8 8 0 0 0
