&CONTROL
 calculation='scf', prefix='00_YB3H85_Legend', outdir='./tmp/', pseudo_dir='/home/marco/ZOS_Cloud_Compute/pseudo/'
/
&SYSTEM
 ibrav=0, nat=89, ntyp=3, ecutwfc=60, ecutrho=480,
 occupations='smearing', smearing='methfessel-paxton', degauss=0.01
/
&ELECTRONS
 conv_thr=1.0d-12, mixing_beta=0.7
/
ATOMIC_SPECIES
 B 1.0 B.UPF
 H 1.0 H.UPF
 Y 1.0 Y.UPF

ATOMIC_POSITIONS (angstrom)
 Y 11.16841 6.08218 5.84332
 B 7.01207 4.01597 5.77380
 B 10.07985 7.58439 4.10367
 B 4.62126 6.13135 8.71864
 H 6.19977 4.88632 5.61539
 H 1.76852 3.05650 5.03873
 H 9.15682 1.13621 3.84361
 H 10.50629 6.47164 3.76562
 H 9.26067 4.62095 5.36604
 H 6.13209 1.50539 7.16868
 H 8.46935 4.56662 3.07600
 H 7.75698 4.81349 3.03857
 H 3.04138 4.40029 0.99001
 H 0.91258 3.47765 8.61810
 H 2.74238 7.84968 4.68057
 H 3.33933 10.94334 9.49798
 H 10.37690 8.40382 3.25849
 H 10.62963 4.79212 8.88279
 H 11.53539 4.62357 4.57786
 H 10.20350 8.90371 9.93240
 H 1.99723 7.95960 4.61777
 H 3.43271 7.80079 1.86542
 H 9.83889 9.17774 10.53403
 H 2.13160 10.19108 3.22668
 H 5.39887 1.65593 7.09348
 H 1.51433 1.13946 6.81439
 H 4.21068 2.54094 9.25434
 H 10.62219 2.59597 6.89970
 H 3.25764 3.18169 6.96761
 H 3.65992 3.81564 6.96898
 H 7.39459 9.83879 5.09277
 H 9.94833 4.45702 4.97936
 H 3.52798 3.92184 1.30783
 H 3.43640 6.01027 8.50687
 H 2.27081 1.38096 2.28738
 H 7.01044 3.38664 9.40795
 H 2.14272 10.50092 3.91205
 H 8.02202 7.41399 7.08605
 H 8.44584 5.67702 9.03175
 H 4.36168 2.33028 4.86295
 H 7.72458 10.09718 2.19032
 H 3.92273 10.65781 9.11633
 H 6.17283 10.41925 9.56667
 H 4.15807 6.06072 3.72130
 H 5.81165 5.17847 1.36845
 H 4.94671 7.29197 9.35967
 H 10.56509 7.96517 5.21718
 H 4.95592 3.08640 4.85444
 H 2.64908 1.26498 2.93140
 H 8.42308 10.90393 7.68873
 H 6.72513 10.15756 4.94783
 H 8.16967 10.91043 6.98040
 H 0.44735 6.74904 7.18828
 H 4.77917 8.42494 6.73453
 H 8.42056 7.99816 6.80115
 H 7.68311 4.04487 6.78140
 H 1.70114 9.70660 6.74642
 H 1.66683 2.85641 4.32131
 H 4.11223 7.29514 9.15563
 H 1.25268 5.32796 5.08590
 H 9.52396 1.76450 3.63425
 H 5.01971 5.40882 9.58348
 H 8.86568 7.49987 4.30781
 H 3.85207 1.58184 4.90608
 H 10.98239 10.08585 7.60302
 H 3.84866 5.48689 3.35660
 H 7.24187 3.58818 8.72084
 H 4.05203 2.87394 9.90535
 H 8.37947 10.46486 2.26076
 H 5.51741 2.30980 1.99792
 H 8.44252 6.41910 9.11315
 H 5.23556 6.31489 7.70821
 H 10.33220 4.13509 8.69478
 H 4.91737 1.92506 1.75272
 H 4.17640 8.78825 6.46473
 H 4.74239 9.59979 3.30708
 H 2.23673 10.23834 6.83070
 H 6.67889 0.68617 3.89658
 H 0.88083 0.94125 6.45713
 H 5.39593 9.22454 3.31214
 H 11.62017 9.72050 7.77561
 H 3.14281 8.30164 1.38083
 H 6.64030 9.91585 9.25197
 H 1.22822 4.17054 8.61488
 H 6.44252 4.92865 1.04598
 H 10.96091 2.70397 6.23234
 H 1.42119 5.83189 5.67124
 H 5.93684 0.70995 3.76902
 H 7.19527 3.12976 4.98446

CELL_PARAMETERS (angstrom)
 11.99213 0.00135 0.10722
 0.00903 11.72238 0.25853
 0.10788 0.26123 10.93951

K_POINTS automatic
 3 3 3 0 0 0
