&CONTROL
 calculation='nscf', prefix='00_YB3H85_Legend'
 outdir='./tmp/', pseudo_dir='C:/Users/Acer/Desktop/Quantum_Espresso/pseudo/'
/
&SYSTEM
 ibrav=0, nat=89, ntyp=3, ecutwfc=50, ecutrho=400, occupations='tetrahedra'
/
&ELECTRONS
 conv_thr=1.0d-8
/
ATOMIC_SPECIES
 B 1.0 B.UPF
 H 1.0 H.UPF
 Y 1.0 Y.UPF
ATOMIC_POSITIONS (angstrom)
 Y 9.51366 4.37438 6.08789
 B 5.55963 3.16323 4.95367
 B 7.04091 6.87220 2.56677
 B 3.49229 4.94849 7.27574
 H 5.47416 3.95096 5.94287
 H 1.75824 2.46611 5.58918
 H 8.01267 2.06171 4.40660
 H 9.19537 5.03529 3.29168
 H 8.15693 4.10724 4.00405
 H 4.43468 1.92067 6.14259
 H 7.45711 4.15851 3.10938
 H 7.01383 3.51448 3.52494
 H 3.29839 4.11227 1.14506
 H 1.76791 3.53947 7.44559
 H 2.05247 6.03126 3.31837
 H 2.85494 9.15075 8.05669
 H 7.89535 8.60697 3.10570
 H 7.91606 4.71255 8.26041
 H 9.41940 3.20933 4.34873
 H 8.94652 7.23121 9.04865
 H 1.37796 7.10962 4.48938
 H 3.96937 6.53565 1.79633
 H 7.81271 7.21529 8.23917
 H 2.53409 7.97490 3.02804
 H 3.72463 1.78626 6.64099
 H 1.74605 1.40680 6.07962
 H 2.86788 2.00336 7.70379
 H 8.48184 2.24656 5.57771
 H 2.85717 2.46217 6.84558
 H 2.68346 2.89784 5.50392
 H 6.63060 8.64933 4.43462
 H 8.16587 3.13971 4.36270
 H 3.16018 3.21065 1.95160
 H 2.37769 4.05996 7.99997
 H 2.68218 1.24783 1.87525
 H 5.85374 3.06486 8.36996
 H 1.78004 8.88439 3.28016
 H 6.48933 6.95254 6.81820
 H 8.49405 5.53187 8.60072
 H 3.78690 1.94028 5.34740
 H 6.54576 9.23519 2.21742
 H 3.69509 8.80509 8.85842
 H 4.16756 8.55824 8.21956
 H 3.59312 5.69992 3.53506
 H 4.95820 4.22453 1.52339
 H 4.25819 6.52186 8.70244
 H 8.48248 5.35271 4.69584
 H 4.49776 2.09581 4.46451
 H 2.02930 1.23867 3.97653
 H 7.56315 8.73178 6.82035
 H 6.66226 8.29138 3.73978
 H 7.42130 8.74047 6.04177
 H 1.43298 6.85102 7.33512
 H 3.66800 7.13893 6.91838
 H 7.20612 6.92500 6.33910
 H 7.06977 3.31635 4.87735
 H 2.55863 7.89149 6.09581
 H 2.14466 2.78019 4.65856
 H 3.73828 6.95414 8.48751
 H 1.47322 4.65900 4.12269
 H 8.18492 2.41659 3.42760
 H 4.83588 4.36919 9.13853
 H 7.15725 7.62626 4.36527
 H 3.57776 1.85357 4.11073
 H 8.43402 8.63379 6.76813
 H 3.40916 4.05758 2.35118
 H 5.90169 3.33502 7.73917
 H 3.55595 2.92485 8.72685
 H 7.22191 8.53464 2.41620
 H 4.40146 2.72496 1.48605
 H 7.58904 6.19115 8.69494
 H 4.25536 6.00079 6.35337
 H 8.87255 1.96386 9.11255
 H 3.64048 2.30690 2.58627
 H 3.22750 7.19663 6.22600
 H 3.37781 8.70879 2.52239
 H 1.66591 9.19934 6.68030
 H 5.31389 1.36036 4.57933
 H 1.08543 1.70552 5.66524
 H 5.04111 7.87937 3.53863
 H 9.19050 8.42538 7.10496
 H 2.30835 7.77233 2.19547
 H 6.19925 9.03398 8.72233
 H 2.13242 2.66701 8.11830
 H 5.62078 4.18779 1.28095
 H 9.14470 2.40753 5.13599
 H 1.69809 4.45057 4.83056
 H 5.18227 1.18388 3.20463
 H 6.34156 2.26093 4.62100
CELL_PARAMETERS (angstrom)
 10.33930 -0.02472 0.04359
 -0.02465 10.32465 0.04252
 0.04340 0.04248 10.28738
K_POINTS automatic
 8 8 8 0 0 0
